{
    "camera": "Logi C310 HD WebCam (046d:081b)",
    "platform": "Windows NT 10.0; Win64; x64",
    "camera_matrix": {
        "type_id": "opencv-matrix",
        "rows": 3,
        "cols": 3,
        "dt": "d",
        "data": [
            1396.0075178744387,
            0,
            586.6440871816295,
            0,
            1399.0026738782515,
            345.64913376289627,
            0,
            0,
            1
        ]
    },
    "distortion_coefficients": {
        "type_id": "opencv-matrix",
        "rows": 5,
        "cols": 1,
        "dt": "d",
        "data": [
            -0.007102302840208235,
            0.6753041323358294,
            0.002600859422787891,
            -0.004625240175571335,
            -2.367924494159031
        ]
    },
    "distortion_model": "rectilinear",
    "avg_reprojection_error": 0.24669167442742787,
    "img_size": {
        "type_id": "opencv-matrix",
        "rows": 2,
        "cols": 1,
        "dt": "d",
        "data": [
            1280,
            720
        ]
    },
    "keyframes": 6,
    "calibration_time": "Tue, 15 Jul 2025 18:38:13 GMT"
}